Accuracy:0.6888040712468193
Precision:0.40625
Recall:0.5792746113989637
F1 Score:0.4775736864587783
