Accuracy:0.6030534351145038
Precision:0.5151515151515151
Recall:0.8292682926829268
F1 Score:0.6355140186915887
